officer_id,number_of_awards,number_of_allegations
379,29,18
30684,10,18
15625,10,18
11011,26,18
31966,34,18
29924,52,18
16476,26,18
32100,47,18
4081,1,18
9233,8,18
32009,112,18
20402,21,18
12704,3,18
24424,7,18
12963,5,18
23873,50,18
3073,26,18
23167,80,18
22934,30,18
14939,21,18
28462,12,18
28841,10,19
18614,85,19
25765,61,19
13842,19,19
21735,20,19
8169,301,19
17765,11,19
24154,6,19
633,10,19
6922,126,19
30217,20,19
22845,10,19
17083,23,19
32271,198,19
20093,27,19
13393,54,19
5189,26,19
31462,2,19
14487,13,19
2106,2,19
32393,45,19
32095,49,19
28383,102,19
21256,60,19
28384,133,19
67,49,19
4102,33,19
6903,23,19
13090,6,19
4012,1,19
5335,38,19
14401,27,19
27173,48,19
19082,17,19
32228,31,19
32264,35,19
1257,48,19
24171,41,19
8866,43,19
5159,115,19
11238,1,19
6084,13,19
26579,6,19
20142,28,19
5646,23,19
4723,43,19
27853,153,19
23712,9,19
3460,37,19
21805,142,19
28838,91,19
22822,12,19
27768,7,19
2722,25,19
17205,34,19
20975,9,19
14139,43,19
23870,53,19
10624,7,19
1434,108,19
30140,54,19
27116,53,19
27872,1,19
29347,90,19
20876,2,19
24083,3,19
10113,24,19
21456,50,19
4199,7,19
2397,27,19
7597,19,19
9501,18,19
14526,199,19
2520,6,19
30751,7,19
887,188,19
4955,6,19
9704,86,19
2357,3,19
5675,18,19
28868,1,19
25323,72,19
8159,33,19
4265,126,19
28922,10,19
16600,45,19
6508,11,19
29624,15,19
8258,80,19
8947,5,19
7214,3,19
19324,182,19
26886,6,19
2981,105,19
9491,10,19
29494,22,19
26150,29,19
7958,19,19
29493,76,19
12834,44,19
1931,14,19
6326,23,19
3393,9,19
20795,29,19
29814,27,19
11934,32,19
20767,26,19
19366,25,19
19199,1,19
21188,14,19
3337,23,19
3145,45,19
27062,1,19
10965,27,19
32273,69,19
13053,15,19
17955,27,19
16210,43,19
6264,47,19
2803,34,19
14034,7,19
8137,27,19
16409,33,19
13162,53,19
19551,15,19
6668,1,19
12103,55,19
29399,145,19
14312,3,19
32044,19,19
30414,14,19
10612,11,19
7366,1,19
6885,24,19
26618,23,19
12520,33,19
2101,18,19
22074,76,19
15353,93,19
6651,44,19
28904,7,19
19598,11,19
6072,25,19
9019,11,19
29590,17,19
3780,47,19
4787,7,19
32023,83,19
30165,10,19
11733,13,19
22294,2,19
21282,4,19
20816,26,19
9350,74,19
29154,13,19
9109,39,19
16277,54,19
15456,33,19
24835,21,19
7021,18,19
23531,48,19
14193,13,19
14598,187,19
4000,15,19
16941,59,19
1882,63,19
18571,74,19
17217,205,19
16973,83,19
7848,42,19
26846,87,19
23263,6,19
12751,16,19
26425,4,19
11622,17,19
9268,39,19
7698,180,19
11450,32,19
20404,61,19
25912,13,19
10760,61,19
11904,87,19
28416,37,19
25310,41,19
10812,11,19
30537,65,19
15711,115,19
19584,9,19
26441,33,19
9906,112,19
29265,37,19
11283,10,19
13691,61,19
28315,140,19
13089,7,19
27937,1,19
30907,13,19
27373,81,19
22352,5,19
21160,153,19
13768,16,19
7201,59,19
18733,40,19
13923,1,19
19878,19,19
16782,26,19
6992,14,19
18994,30,19
3020,27,19
1595,1,19
11695,19,19
29066,15,19
18694,16,19
6097,56,19
19337,42,19
11446,56,19
5780,34,19
1984,11,19
28151,15,19
10147,43,19
25916,6,19
14002,7,19
16173,39,19
26587,14,19
5624,6,19
16406,4,19
6821,22,19
14637,28,19
16281,22,19
4690,19,19
22868,30,19
1550,19,19
6584,11,19
29389,62,19
16405,45,19
30173,15,19
6327,67,19
21661,98,19
7748,20,19
17484,31,19
27251,76,19
27209,34,19
8844,19,19
29484,86,19
20422,3,19
32355,109,19
30460,99,19
5485,31,19
17492,6,19
25321,155,19
10527,37,19
31305,15,19
22749,27,19
3666,15,19
22523,31,19
1436,42,19
3006,25,19
14865,12,19
7818,113,19
26604,33,19
29243,10,19
13207,10,19
1141,30,19
676,10,19
14101,53,19
25369,177,19
12931,177,19
20168,49,19
15788,49,19
29543,58,19
1573,51,19
17727,7,19
19684,47,19
5632,19,19
24536,54,19
13041,46,19
32083,25,19
23928,6,19
11078,28,19
27978,43,19
30047,6,19
29380,65,19
183,52,19
30784,151,19
10946,76,19
23535,8,19
23229,66,19
16,48,19
4475,12,19
20891,87,19
8421,3,19
12855,1,19
16251,64,19
8967,15,19
30511,11,19
8586,47,19
20193,48,19
237,1,19
32201,8,19
130,13,19
8156,17,19
30109,24,19
14326,106,19
18906,37,19
20447,138,19
30269,21,20
4873,18,20
352,82,20
28488,30,20
10792,11,20
4874,10,20
26232,22,20
31973,30,20
13780,30,20
1728,16,20
10343,26,20
10800,68,20
31036,31,20
3883,4,20
27318,12,20
19754,33,20
18473,17,20
26687,34,20
4822,19,20
5330,16,20
32348,37,20
30084,22,20
25808,96,20
7456,19,20
2665,22,20
21738,61,20
23252,45,20
2439,69,20
30634,16,20
14917,17,20
10619,31,20
17322,5,20
27158,21,20
31911,36,20
3831,19,20
17128,96,20
8842,85,20
4887,20,20
13197,95,20
30794,3,20
8713,114,20
31843,30,20
10845,10,20
31051,32,20
28550,22,20
21774,98,20
32069,177,20
17493,95,20
14404,10,20
18010,19,20
22527,3,20
1907,12,20
5326,11,20
24024,27,20
23827,4,20
13483,2,20
21651,17,20
8518,211,20
6209,18,20
7960,11,20
15840,8,20
7264,44,20
10001,5,20
14362,11,20
7983,18,20
24157,1,20
24731,27,20
23246,50,20
23201,13,20
11822,21,20
20860,70,20
23323,43,20
6996,17,20
11426,62,20
16081,13,20
10136,30,20
17547,28,20
6284,18,20
21799,27,20
19762,77,20
11900,49,20
18088,11,20
17601,7,20
22832,17,20
18102,13,20
31611,1,20
6174,127,20
12923,107,20
6991,29,20
27929,65,20
27733,19,20
25185,109,20
7070,22,20
23805,4,20
1458,11,20
32350,183,20
14370,57,20
19336,42,20
28947,137,20
13143,75,20
19274,146,20
27695,14,20
9565,7,20
28934,10,20
5342,11,20
29538,177,20
9430,62,20
4699,22,20
2945,15,20
23132,70,20
13909,179,20
17738,36,20
31997,76,20
26657,5,20
22715,28,20
23379,150,20
13606,88,20
28313,6,20
32339,176,20
7045,243,20
190,49,20
22422,22,20
9094,60,20
8091,28,20
9900,32,20
15562,107,20
8481,93,20
25638,27,20
17004,31,20
6223,90,20
29403,97,20
30831,16,20
29356,23,20
27077,15,20
32291,120,20
10444,22,20
7948,12,20
23883,1,20
13632,18,20
28679,84,20
26642,5,20
13362,19,20
429,22,20
216,40,20
14282,50,20
21955,92,20
3683,16,20
1323,22,20
8404,7,20
16508,111,20
27725,60,20
20000,15,20
1849,134,20
25841,26,20
24107,52,20
28571,32,20
21647,62,20
24554,14,20
29504,35,20
22568,15,20
27672,10,20
28523,24,20
22666,14,20
10326,42,20
14191,13,20
10841,1,20
6353,35,20
12432,103,20
31718,154,20
24227,19,20
19272,129,20
19030,29,20
26622,53,20
15750,10,20
16199,21,20
397,10,20
3563,147,20
23920,68,20
31650,3,20
14154,45,20
1748,71,20
7838,6,20
4733,16,20
2526,2,20
9038,62,20
10697,1,20
32244,56,20
31850,50,20
11928,16,20
23987,21,20
7994,41,20
21830,67,20
30798,8,20
20271,55,20
1290,2,20
7791,16,20
12691,119,20
14597,51,20
1335,17,20
17643,14,20
5554,49,20
27658,17,20
7652,16,20
32171,46,20
25465,3,20
3520,15,20
15402,3,20
26521,6,20
28795,139,20
26792,31,20
30877,17,20
8143,13,20
25365,130,20
32186,83,20
572,28,20
17005,24,20
3814,23,20
10029,19,20
13199,38,20
12513,15,20
18610,106,20
24891,129,20
9522,130,20
31920,101,20
9067,190,20
22322,2,20
28162,67,20
19894,7,20
31341,23,20
3046,26,20
5821,18,20
22336,9,20
30668,62,20
29880,19,20
9771,1,20
3774,12,20
7566,26,20
1423,28,20
31626,10,20
13795,1,20
28875,16,20
3348,3,20
5577,11,20
8245,22,20
10254,30,20
23149,27,20
26741,7,20
14353,43,20
736,26,20
11125,18,20
17773,54,20
21653,23,20
10428,65,20
24550,14,20
24191,9,20
29671,88,20
21539,20,20
25949,37,20
7553,31,20
14481,31,20
8104,38,20
27888,30,20
15057,3,20
9237,158,20
28968,45,20
26530,76,20
28481,42,20
32193,55,20
20719,1,20
23304,14,20
13541,13,20
8393,10,20
5889,18,20
17739,29,20
21183,90,20
1995,3,20
44,26,20
1885,3,20
9816,53,20
6211,31,20
24887,177,20
11007,116,20
6030,28,20
9896,8,20
929,6,20
6726,34,20
16607,19,20
7671,35,20
12626,12,20
5215,21,21
10022,51,21
2214,34,21
11209,20,21
27088,6,21
13241,73,21
10412,37,21
3615,30,21
17911,132,21
20518,18,21
16986,2,21
6781,107,21
24393,101,21
5410,16,21
26879,106,21
1866,91,21
21522,315,21
29843,17,21
1924,29,21
11121,18,21
18835,31,21
30682,5,21
16934,40,21
22788,98,21
29003,8,21
2228,109,21
10192,52,21
24094,17,21
965,10,21
32359,40,21
23922,30,21
26379,2,21
32382,104,21
16460,30,21
3226,95,21
23584,9,21
32240,105,21
31473,76,21
26301,19,21
23287,27,21
17117,60,21
17091,9,21
18412,27,21
15904,121,21
6079,67,21
17416,1,21
25320,248,21
14283,90,21
32368,11,21
32380,160,21
15632,37,21
997,19,21
11633,24,21
31444,28,21
6173,26,21
17317,40,21
25166,56,21
11510,15,21
28608,68,21
31126,4,21
18238,34,21
3577,1,21
5759,14,21
18942,17,21
28345,21,21
1075,64,21
32418,15,21
31487,22,21
30958,19,21
9751,43,21
32337,131,21
12040,48,21
9646,3,21
1260,76,21
4946,24,21
2403,68,21
17761,4,21
26926,43,21
4202,78,21
21050,58,21
17196,12,21
17273,12,21
11962,12,21
18950,1,21
11004,1,21
21492,31,21
23795,119,21
23768,16,21
1097,28,21
29355,82,21
14243,56,21
12692,23,21
26652,12,21
29152,45,21
26789,19,21
20394,9,21
1316,75,21
26569,18,21
15537,71,21
22189,7,21
1345,49,21
10656,34,21
7899,25,21
23709,15,21
17884,1,21
8462,30,21
21013,193,21
1695,127,21
3254,53,21
32182,83,21
1915,9,21
3243,28,21
6155,17,21
27933,31,21
26562,1,21
21447,26,21
6836,84,21
6288,55,21
31344,24,21
8898,56,21
31400,10,21
12084,19,21
9987,24,21
20570,15,21
20874,34,21
8225,17,21
26030,2,21
19340,31,21
29241,79,21
9757,20,21
15317,10,21
11232,30,21
32236,107,21
21548,26,21
19601,31,21
3260,11,21
4985,21,21
9106,28,21
12306,3,21
28051,33,21
615,19,21
16233,69,21
28712,20,21
25008,120,21
30464,1,21
13693,25,21
5234,23,21
4096,7,21
20464,69,21
19885,163,21
23010,25,21
7182,57,21
5272,132,21
8964,19,21
23546,3,21
28230,11,21
15874,16,21
17025,13,21
26068,27,21
12193,11,21
5876,7,21
32076,73,21
24255,24,21
4252,145,21
10950,68,21
24586,99,21
18318,20,21
13650,53,21
1127,30,21
18446,27,21
24952,8,21
21713,20,21
8425,57,21
29812,20,21
31425,27,21
23258,50,21
11382,46,21
13596,63,21
23896,36,21
591,15,21
29559,4,21
12031,107,21
10970,6,21
7889,29,21
14706,151,21
4482,70,21
29678,34,21
22719,92,21
10348,31,21
909,2,21
1572,7,21
22859,10,21
7323,25,21
11783,4,21
198,6,21
26064,17,21
19554,162,21
32226,101,21
26384,57,21
7902,43,21
32019,101,21
19422,30,21
8862,14,21
29180,17,21
16843,40,21
5593,67,21
14213,28,21
32001,129,21
361,18,21
4302,62,21
20149,53,21
2046,26,21
20388,18,21
13411,14,21
18698,11,21
24079,50,21
20481,74,21
10761,5,21
6925,13,21
6347,5,21
24565,20,21
366,26,21
25256,4,21
26796,68,21
15762,14,21
27374,95,21
6493,26,21
30767,49,21
28477,6,21
3467,1,21
15681,161,21
32137,122,21
1084,27,21
13724,12,21
19331,28,21
6518,1,21
10558,78,21
25302,45,21
9707,50,21
12000,162,21
7723,25,21
11509,38,21
2508,30,21
21095,30,21
22269,130,21
31816,57,21
23344,102,21
18196,41,21
19785,131,21
18223,4,21
8802,161,21
11581,3,21
4538,79,21
27545,87,21
23989,6,21
31024,119,21
20568,21,21
32219,73,21
11885,1,21
4944,50,21
23301,14,21
28000,47,21
28730,45,21
15153,5,21
28847,14,21
24697,57,21
31801,74,21
27078,5,21
3968,14,21
10546,15,21
6977,11,21
13522,20,21
18679,90,21
19649,14,21
26085,24,21
21875,19,21
30833,20,21
22996,9,21
9225,5,21
9998,19,21
27226,103,21
9670,8,21
11795,31,21
19835,144,21
19549,62,21
25957,22,21
31412,19,21
31888,150,21
1950,71,22
14763,22,22
31443,38,22
32190,119,22
13231,7,22
32325,51,22
16355,32,22
31251,39,22
16683,6,22
20196,150,22
9525,37,22
25872,67,22
2144,37,22
12817,37,22
8417,117,22
17840,8,22
31565,80,22
32323,43,22
2120,34,22
10511,277,22
9527,58,22
28412,22,22
16967,33,22
18042,3,22
17987,7,22
678,16,22
16733,128,22
29894,38,22
32430,165,22
8912,14,22
18701,34,22
7804,1,22
24116,45,22
19789,51,22
27479,34,22
5143,18,22
9556,21,22
14465,42,22
3537,20,22
24307,10,22
21338,84,22
4852,78,22
2322,53,22
19642,34,22
2129,29,22
31953,118,22
32114,72,22
28937,24,22
15211,30,22
13975,52,22
10162,39,22
30399,2,22
6990,37,22
32127,47,22
17825,117,22
16024,26,22
29042,24,22
114,18,22
17916,6,22
30164,13,22
32003,150,22
21938,45,22
14254,22,22
473,6,22
17086,57,22
2867,4,22
30263,9,22
14545,5,22
23975,9,22
263,56,22
5162,34,22
3435,7,22
2820,18,22
15441,28,22
12763,146,22
21201,38,22
15943,16,22
31584,166,22
22416,1,22
7311,67,22
23543,18,22
12935,61,22
23765,33,22
5323,27,22
12336,9,22
3642,26,22
29327,15,22
16539,15,22
12588,10,22
21431,31,22
25445,78,22
30648,26,22
13272,166,22
32224,76,22
15246,6,22
11777,1,22
13670,84,22
31275,3,22
7713,49,22
26691,15,22
10541,19,22
1022,26,22
19671,112,22
17042,2,22
17399,33,22
23698,2,22
19358,9,22
31619,79,22
2021,19,22
31905,21,22
20954,42,22
23736,36,22
7734,46,22
13005,33,22
11845,52,22
4523,33,22
22280,70,22
2191,41,22
19221,41,22
12355,44,22
26455,19,22
6728,12,22
15893,15,22
5367,29,22
30989,26,22
7443,7,22
19457,58,22
6359,1,22
3067,47,22
27264,10,22
26556,41,22
13209,97,22
12260,60,22
30085,37,22
7569,24,22
13051,1,22
9284,3,22
14208,55,22
4481,145,22
32360,63,22
2205,7,22
19596,3,22
16043,52,22
10640,2,22
27719,4,22
19418,20,22
29554,37,22
12059,162,22
983,38,22
18826,117,22
23710,41,22
28158,85,22
8026,25,22
19075,11,22
9576,23,22
3765,84,22
14315,36,22
1744,33,22
13065,24,22
7368,12,22
24525,245,22
6020,32,22
3086,2,22
32253,63,22
3186,16,22
944,10,22
31974,72,22
1936,43,22
31960,42,22
29874,44,22
28480,3,22
8593,76,22
29041,13,22
6399,52,22
28444,36,22
31867,109,22
8626,14,22
9460,15,22
2696,39,22
11469,91,22
16273,55,22
13387,4,22
8235,12,22
24524,70,22
5277,24,22
5265,45,22
21009,21,22
15115,97,22
21894,1,22
28049,44,22
3955,62,22
13861,10,22
31323,9,22
2824,24,22
4303,115,22
19705,1,22
17678,69,22
31489,4,22
26262,18,22
26685,14,22
10007,19,22
943,158,22
28451,101,22
29585,19,22
26915,4,22
22911,32,22
18393,53,22
22929,111,22
26435,133,22
24867,5,22
13873,36,22
24195,21,22
10336,70,22
10398,19,22
11179,5,22
26006,11,22
13456,37,22
8321,20,22
30054,12,22
23816,79,22
3753,20,22
32168,91,22
11178,52,22
12239,23,22
27503,16,22
9102,5,22
26414,44,22
32120,98,22
22906,20,22
2749,29,22
4993,16,22
27108,25,22
23913,19,22
31154,9,22
18688,50,22
32435,148,22
3876,58,22
19289,8,22
23033,5,22
30491,23,22
21593,22,22
24926,97,22
31136,21,22
17213,10,22
17377,105,22
10293,27,22
1974,21,22
32279,80,22
7000,13,22
18149,6,22
31846,101,22
28612,79,22
7172,19,22
32303,33,22
16028,10,22
23357,146,22
23817,43,22
2216,27,22
30087,1,22
25521,17,22
20658,76,23
22704,7,23
17817,17,23
16886,13,23
16443,6,23
13838,28,23
27451,75,23
14316,115,23
25020,21,23
20159,20,23
23850,15,23
19169,77,23
10722,14,23
24412,20,23
22127,125,23
32174,45,23
28029,22,23
4286,14,23
27022,204,23
7142,85,23
13472,128,23
19501,20,23
26342,41,23
24340,1,23
26947,20,23
3910,26,23
10203,55,23
24345,51,23
4040,67,23
7883,22,23
24740,23,23
17434,192,23
30093,2,23
12300,24,23
31423,47,23
32442,97,23
14750,13,23
22848,3,23
1317,38,23
8311,88,23
14667,14,23
21773,13,23
3763,83,23
26808,20,23
9555,17,23
29128,90,23
10630,35,23
19829,101,23
1013,79,23
4548,10,23
15438,53,23
32230,48,23
3906,152,23
16462,22,23
21076,14,23
9041,33,23
7590,135,23
23376,22,23
10609,55,23
3776,2,23
27486,6,23
29601,14,23
10321,220,23
16810,88,23
16158,40,23
12679,133,23
32403,139,23
3974,37,23
25578,135,23
25277,2,23
30320,6,23
10488,28,23
12524,9,23
11220,188,23
4715,13,23
9812,38,23
27874,7,23
14313,15,23
15465,29,23
10552,26,23
23890,8,23
10808,19,23
32173,56,23
20911,46,23
15979,79,23
25852,4,23
18984,43,23
4429,43,23
13220,47,23
27807,25,23
17971,20,23
20331,29,23
22734,1,23
13111,28,23
23374,9,23
26286,29,23
32111,155,23
11746,88,23
5046,23,23
588,18,23
24145,87,23
10103,11,23
225,10,23
24766,44,23
22803,74,23
30820,23,23
27262,57,23
5946,10,23
32386,56,23
26240,37,23
21410,1,23
30978,20,23
17414,93,23
400,45,23
18500,17,23
15631,127,23
30866,16,23
24780,1,23
26121,6,23
21885,4,23
10966,29,23
13108,15,23
5502,13,23
1033,17,23
31307,121,23
29186,143,23
1314,23,23
16022,61,23
24695,130,23
19867,27,23
27031,129,23
32247,36,23
24877,78,23
31870,94,23
15709,138,23
14107,8,23
30666,9,23
6296,4,23
14141,20,23
32047,53,23
19039,11,23
871,151,23
2931,25,23
22742,6,23
9490,32,23
30498,50,23
27663,6,23
3445,3,23
29480,55,23
32141,103,23
867,55,23
27668,49,23
30089,3,23
24721,43,23
30862,14,23
10823,19,23
15389,39,23
10142,17,23
22298,12,23
32208,143,23
7974,1,23
13946,15,23
8190,38,23
18308,1,23
7764,6,23
30671,88,23
31943,48,23
18813,32,23
30675,25,23
6514,7,23
20118,30,23
31244,14,23
10810,1,23
21850,136,23
26828,155,23
23643,102,23
19130,13,23
31588,7,23
19970,38,23
23951,101,23
31641,39,23
23600,92,23
29230,88,23
29776,3,23
31979,36,23
29893,273,23
2474,29,23
26209,106,23
7137,1,23
3908,22,23
16458,1,23
13300,38,23
30228,1,23
15424,11,23
25918,213,23
4033,117,23
8870,2,23
5653,6,23
1266,36,23
23161,49,23
31349,43,23
17534,4,23
30413,11,23
28351,4,23
20812,55,23
5927,16,23
11763,44,23
32079,135,23
10280,15,23
23331,41,23
12598,18,23
23707,87,23
2539,1,23
12212,16,23
9657,20,23
3842,27,23
15032,106,23
569,17,23
27423,15,23
18719,33,23
4119,47,23
22279,132,23
27485,79,23
23118,13,23
4665,66,23
18591,134,23
7639,31,23
1148,156,23
1696,26,23
17275,10,23
31760,54,23
15157,21,23
24844,87,23
6929,2,23
31927,61,23
16365,14,23
23484,9,23
262,114,23
8127,4,24
19597,13,24
24744,8,24
6395,51,24
13335,30,24
18721,25,24
8745,81,24
4299,47,24
9822,14,24
256,18,24
2418,40,24
7099,6,24
417,5,24
3244,58,24
8992,23,24
7158,22,24
1535,65,24
39,30,24
32335,71,24
4408,24,24
20554,11,24
7039,38,24
20958,4,24
11384,45,24
32194,165,24
18812,34,24
23807,21,24
14200,39,24
16197,43,24
3422,32,24
23725,203,24
22486,138,24
639,39,24
17487,14,24
9573,46,24
5062,104,24
22229,27,24
32145,24,24
21047,64,24
10332,121,24
3637,46,24
25978,39,24
22149,20,24
18872,82,24
15311,53,24
24415,36,24
29564,74,24
26664,30,24
20440,25,24
16052,13,24
15925,40,24
32094,27,24
22768,34,24
15886,36,24
21439,26,24
25732,20,24
23386,16,24
18720,5,24
7115,8,24
32293,70,24
21314,38,24
5908,49,24
23732,17,24
12702,3,24
6968,33,24
25333,2,24
17931,80,24
11222,42,24
22311,4,24
30224,26,24
4956,8,24
2720,16,24
28924,7,24
31909,92,24
15435,210,24
6523,26,24
11831,94,24
17382,108,24
13359,155,24
13556,14,24
20564,1,24
25878,73,24
24163,43,24
27610,27,24
30710,35,24
7127,16,24
243,6,24
22634,52,24
10158,3,24
8378,4,24
12759,94,24
16515,194,24
32181,49,24
32206,37,24
14187,29,24
16359,31,24
21483,22,24
26241,54,24
23792,7,24
18624,126,24
12009,6,24
17436,17,24
27426,11,24
157,23,24
14793,22,24
22690,1,24
12705,13,24
17611,1,24
9212,38,24
25549,15,24
22608,114,24
4488,5,24
24349,24,24
25459,27,24
16363,24,24
14937,12,24
26767,86,24
9633,10,24
12978,7,24
11323,15,24
7659,29,24
20114,10,24
8525,31,24
11790,20,24
22558,3,24
24247,18,24
17132,27,24
26165,111,24
13256,57,24
6433,16,24
3394,86,24
28442,32,24
31980,195,24
3127,17,24
17783,25,24
28096,1,24
7243,16,24
2346,70,24
4061,22,24
17530,15,24
2532,77,24
28321,96,24
9262,33,24
9328,27,24
17826,104,24
12236,18,24
19083,10,24
31360,30,24
19892,36,24
4226,68,24
11936,45,24
2889,35,24
3727,1,24
25355,57,24
32051,70,24
2705,10,24
20706,15,24
24656,33,24
31894,119,24
9373,5,24
3431,13,24
19227,32,24
14601,34,24
24271,17,24
32338,111,24
29215,44,24
7431,25,24
12373,134,24
1296,21,24
31890,108,24
22559,39,24
31853,179,24
3514,7,24
18728,52,24
13473,63,24
32170,66,24
32202,133,24
29072,25,24
17913,32,24
11755,2,24
21277,2,24
15795,107,24
9674,44,24
20798,123,24
28925,14,24
31034,35,24
18877,21,24
22172,4,24
4527,22,24
31942,89,24
902,19,24
19413,10,24
13250,60,24
31456,33,24
18934,7,24
3017,158,24
3713,25,24
32072,56,24
6301,13,24
28748,11,24
3789,51,24
31216,30,24
13459,12,24
11077,7,24
21389,15,24
15744,35,24
28130,36,24
32358,102,24
10038,39,24
9898,180,24
27745,13,25
10291,10,25
14842,10,25
10367,1,25
15488,13,25
11298,3,25
30845,20,25
4866,61,25
26682,28,25
2748,15,25
11021,131,25
23964,10,25
21523,30,25
3580,1,25
24904,191,25
6582,113,25
1018,189,25
10146,138,25
27278,79,25
18048,13,25
29090,11,25
31925,27,25
10696,18,25
30646,6,25
19297,27,25
31826,37,25
17,6,25
2384,33,25
22731,103,25
22941,15,25
8601,1,25
24824,10,25
4264,24,25
31648,125,25
4078,78,25
18823,6,25
8476,39,25
32038,23,25
979,5,25
15704,31,25
13179,1,25
11350,4,25
1303,51,25
6119,89,25
20971,46,25
1547,34,25
28411,8,25
9324,119,25
19344,51,25
17542,12,25
5328,137,25
28144,35,25
6221,42,25
23148,114,25
24556,12,25
3835,11,25
28685,12,25
16335,17,25
20330,30,25
7032,96,25
23734,36,25
11057,24,25
24851,48,25
11778,44,25
29321,10,25
90,3,25
21557,3,25
8114,9,25
32427,34,25
26902,49,25
22535,4,25
10191,6,25
30423,13,25
9317,45,25
30063,33,25
27274,163,25
15926,26,25
19906,16,25
8010,18,25
28668,22,25
21327,23,25
26863,12,25
20187,33,25
21712,40,25
26225,14,25
31838,96,25
12085,149,25
26561,23,25
13637,279,25
12628,29,25
60,139,25
12342,92,25
19855,85,25
17413,41,25
9725,28,25
29310,31,25
1324,25,25
2631,20,25
3767,61,25
27546,26,25
4062,43,25
30352,22,25
17256,5,25
11617,94,25
32351,75,25
23106,32,25
1677,53,25
2563,97,25
30290,86,25
31590,41,25
18004,4,25
8463,38,25
29255,25,25
29868,90,25
10851,128,25
18333,56,25
15728,200,25
9601,1,25
27021,40,25
3047,25,25
8839,6,25
15379,47,25
13269,82,25
1879,34,25
14965,21,25
19913,26,25
14344,21,25
13270,19,25
9131,33,25
11141,39,25
24951,165,25
31919,24,25
403,117,25
12104,50,25
29850,17,25
24636,19,25
32329,54,25
1909,39,25
25186,47,25
3043,50,25
22554,136,25
27154,17,25
31827,77,25
24488,5,25
2910,8,25
9977,42,25
10547,37,25
31139,20,25
5498,42,25
17583,17,25
5430,54,25
26457,24,25
14400,59,25
11400,68,25
24016,14,25
8882,13,25
16317,60,25
32259,129,25
1927,83,25
31598,85,25
22296,94,25
13990,15,25
28954,5,25
24907,27,25
18697,16,25
32185,158,25
16227,59,25
14903,25,25
15999,14,25
15991,1,25
13856,9,25
11620,8,25
10383,99,25
25507,37,25
6765,323,25
8554,7,25
29520,15,25
9517,24,25
23359,12,25
16311,100,25
5915,15,25
19119,24,25
31829,27,25
849,2,25
24817,62,25
32096,148,25
7390,53,26
22266,36,26
11918,27,26
22059,12,26
31908,70,26
5259,49,26
30282,35,26
14780,43,26
12554,47,26
2427,5,26
29254,90,26
3331,7,26
32245,114,26
31873,101,26
25300,48,26
24945,96,26
31007,111,26
7421,26,26
29830,17,26
19038,105,26
17548,104,26
6912,1,26
18434,20,26
20408,35,26
32295,102,26
1004,10,26
25381,6,26
32309,97,26
25700,39,26
30718,32,26
27114,31,26
9297,39,26
3361,20,26
5566,99,26
32227,45,26
15611,45,26
11863,114,26
24597,94,26
21339,257,26
12531,26,26
7213,18,26
8698,34,26
32195,61,26
19103,18,26
9213,53,26
4524,26,26
30793,13,26
21812,55,26
11164,103,26
13776,34,26
32310,91,26
6620,41,26
32367,49,26
22337,87,26
32330,56,26
18727,19,26
16174,28,26
10435,73,26
9872,22,26
22393,17,26
19484,6,26
29925,15,26
29148,1,26
2385,5,26
12011,31,26
21476,140,26
23415,32,26
3912,25,26
3096,3,26
30240,4,26
26845,23,26
21362,158,26
16856,12,26
12930,25,26
18332,18,26
1057,80,26
13740,3,26
19871,54,26
1992,16,26
3824,119,26
31928,53,26
26832,41,26
29959,83,26
27755,2,26
4075,28,26
32200,43,26
21371,74,26
22582,67,26
25615,6,26
15133,32,26
11851,38,26
28402,15,26
14169,104,26
7643,58,26
21065,2,26
31962,143,26
9088,30,26
13958,25,26
30022,33,26
17806,13,26
14382,32,26
4357,41,26
5061,5,26
27860,21,26
11524,29,26
19491,1,26
29398,26,26
18322,162,26
8340,180,26
25223,110,26
18023,12,26
3220,2,26
6637,34,26
5625,43,26
31397,178,26
22216,169,26
2386,7,26
19302,8,26
7205,163,26
16441,85,26
32022,71,26
32376,72,26
1786,9,26
695,49,26
3005,15,26
25416,50,26
26267,16,26
7232,18,26
16349,28,26
32158,26,26
15243,8,26
29676,108,26
22795,51,26
18828,119,26
32176,105,26
12177,67,26
20099,2,26
1988,42,26
11116,176,26
27086,44,26
7241,42,26
24359,73,26
3449,18,26
21077,24,26
6085,43,26
27867,23,26
12390,60,26
24467,23,26
28258,36,26
12798,16,26
2528,32,26
17424,6,26
20199,15,26
6933,19,26
21609,19,26
23703,49,26
21265,1,26
13732,1,26
1844,16,26
5571,152,26
29384,49,26
16513,113,26
32118,106,26
2878,19,26
30287,16,26
8374,39,26
11436,48,26
12102,124,26
23424,62,26
28536,26,27
8762,50,27
3549,360,27
15336,4,27
19590,40,27
28958,83,27
30890,10,27
31730,19,27
21024,76,27
25380,46,27
387,29,27
3488,14,27
9274,8,27
27525,52,27
3758,22,27
24577,52,27
12299,25,27
28869,35,27
19532,15,27
3965,26,27
30766,8,27
9386,8,27
2663,5,27
30765,73,27
24810,14,27
13268,30,27
22516,255,27
27801,29,27
21121,25,27
9260,11,27
21340,21,27
17617,43,27
2153,46,27
19558,48,27
18585,156,27
11383,38,27
2264,40,27
13948,36,27
4415,15,27
199,5,27
4789,154,27
22150,177,27
25677,72,27
2147,33,27
9050,5,27
7538,64,27
7761,104,27
16345,12,27
25983,169,27
25602,99,27
3875,108,27
1012,7,27
3724,128,27
2240,3,27
28117,30,27
27079,22,27
92,35,27
8100,72,27
10687,14,27
3946,23,27
20714,51,27
10858,25,27
23244,34,27
22883,63,27
6552,57,27
32086,87,27
12375,11,27
8060,17,27
75,43,27
20817,1,27
23068,161,27
3259,33,27
19845,87,27
18382,5,27
28570,106,27
1971,127,27
15769,32,27
4443,15,27
13126,28,27
4821,30,27
24924,124,27
20955,9,27
30842,11,27
7319,42,27
2416,28,27
21987,90,27
7815,23,27
17991,15,27
15589,11,27
6187,22,27
13377,10,27
5524,11,27
7862,58,27
2809,28,27
30021,29,27
1813,142,27
15617,23,27
26504,25,27
15097,2,27
19660,29,27
9842,12,27
14732,6,27
27408,90,27
22692,61,27
19687,63,27
29210,2,27
10717,37,27
21634,27,27
26711,16,27
519,28,27
31064,102,27
376,4,27
30016,35,27
6494,22,27
1762,6,27
26688,89,27
23320,24,27
1496,1,27
27932,2,27
21577,11,27
26291,70,27
32425,118,27
30167,27,27
25849,14,27
15194,39,27
8816,6,27
7504,4,27
6145,267,27
5362,24,27
31237,24,27
29120,49,27
18340,47,27
27433,25,27
29089,13,27
25164,7,27
4149,29,27
11172,6,27
17142,66,27
20073,29,27
31861,77,27
8165,11,27
3716,117,27
9056,25,27
19354,56,27
7924,38,27
10115,18,27
17687,15,27
11872,201,27
14767,10,27
25685,53,27
16878,49,27
4110,23,27
12048,54,27
245,2,27
5204,61,27
16881,44,27
32238,84,27
5438,102,27
32188,17,27
4845,20,27
2597,10,27
24562,43,27
32288,135,27
5446,10,27
24758,167,27
20092,5,27
19834,135,27
4447,137,27
31290,38,27
20121,211,27
21963,56,27
5868,1,27
31083,13,27
14663,37,27
9699,58,27
11854,45,28
28418,5,28
4178,78,28
6870,14,28
4060,19,28
23362,50,28
21349,1,28
4442,13,28
28528,63,28
15055,90,28
6599,44,28
20692,114,28
9503,6,28
32345,99,28
13974,69,28
9479,39,28
32436,51,28
19801,126,28
5131,84,28
14415,7,28
31897,26,28
29486,56,28
13245,61,28
725,1,28
19333,6,28
32148,178,28
20924,16,28
25252,16,28
7959,9,28
8134,82,28
3517,40,28
5332,76,28
13911,11,28
7296,11,28
13881,14,28
25167,53,28
29942,41,28
25112,9,28
20756,96,28
15832,93,28
13281,6,28
9807,133,28
22810,12,28
26608,19,28
2829,68,28
18410,25,28
6560,91,28
1546,2,28
23888,16,28
16061,148,28
27124,38,28
14124,136,28
2848,105,28
4884,3,28
1094,66,28
7139,20,28
14638,14,28
4720,32,28
18354,25,28
27921,38,28
10072,42,28
7987,48,28
21671,100,28
31989,13,28
14220,25,28
10342,39,28
20980,14,28
364,1,28
529,6,28
32039,122,28
8342,28,28
6949,24,28
22531,12,28
6659,32,28
26852,32,28
4836,8,28
28153,17,28
23402,26,28
8749,46,28
15089,26,28
2247,38,28
10046,17,28
26167,15,28
16447,61,28
20907,20,28
16569,53,28
3726,7,28
30627,25,28
18644,38,28
13977,49,28
9759,4,28
30809,33,28
4591,46,28
28687,70,28
24922,64,28
7208,26,28
448,97,28
17456,37,28
23202,25,28
22821,19,28
19997,22,28
14399,14,28
18375,5,28
12612,7,28
1440,60,28
9165,78,28
10196,24,28
3697,13,28
3815,31,28
23036,134,28
15017,36,28
15514,50,28
16188,6,28
10338,27,28
3053,51,28
20033,10,28
25370,4,28
6351,26,28
3429,54,28
1371,52,28
3150,47,28
10391,78,28
31951,131,29
2850,12,29
241,28,29
4166,6,29
12259,30,29
2917,51,29
2052,64,29
32175,152,29
2211,54,29
26288,27,29
5260,16,29
16206,58,29
10116,4,29
5491,44,29
26907,47,29
18746,22,29
25319,40,29
22709,113,29
7972,140,29
465,73,29
12634,14,29
12582,32,29
20248,1,29
4926,15,29
32346,59,29
23067,205,29
16302,110,29
8850,25,29
11414,12,29
28140,97,29
19259,4,29
31929,61,29
12550,4,29
16361,45,29
10928,29,29
18599,89,29
11239,28,29
7437,69,29
19650,67,29
10295,34,29
800,95,29
11243,143,29
26502,15,29
32233,48,29
11625,46,29
32414,42,29
7993,45,29
29225,27,29
32180,155,29
2476,27,29
18670,10,29
27989,12,29
13093,138,29
20254,25,29
4334,154,29
22898,18,29
26280,13,29
11798,18,29
26775,28,29
19205,13,29
13083,34,29
31991,39,29
11594,7,29
16171,1,29
19794,212,29
24180,33,29
24347,12,29
32018,46,29
2506,1,29
32084,73,29
20477,61,29
30302,68,29
20609,32,29
28489,7,29
32378,151,29
32061,43,29
32423,79,29
27222,89,29
2575,176,29
17197,25,29
16089,31,29
12164,14,29
19510,24,29
32410,62,29
19620,41,29
2374,88,29
30494,26,29
27979,34,29
20246,7,29
25401,30,29
11762,8,29
4350,29,29
10877,16,29
21370,10,29
750,63,29
29008,85,29
28564,10,29
18902,15,29
15081,19,29
15395,33,29
15516,1,29
27435,102,29
7261,22,29
31995,41,29
22174,32,29
2230,4,29
12195,41,29
22668,48,29
27385,56,29
12458,5,29
31199,77,29
32433,53,29
10322,44,29
21992,4,29
32441,25,30
8002,41,30
9342,7,30
23397,50,30
2433,100,30
7216,85,30
23492,183,30
9459,34,30
17015,15,30
30888,24,30
4007,53,30
26168,1,30
31337,106,30
31553,2,30
26951,7,30
3366,10,30
12213,57,30
23513,11,30
13447,4,30
13528,27,30
16201,31,30
26980,30,30
15778,79,30
11816,24,30
17176,49,30
8972,113,30
14557,16,30
23009,1,30
30474,89,30
3255,27,30
20792,14,30
10440,34,30
27599,28,30
22951,12,30
31970,12,30
32199,24,30
13189,36,30
25177,124,30
4545,116,30
4263,56,30
20544,38,30
15653,1,30
5263,44,30
32125,104,30
854,94,30
17587,10,30
13049,20,30
12308,71,30
31944,50,30
6848,73,30
11651,15,30
26864,10,30
28329,136,30
28993,129,30
8794,95,30
21311,30,30
13312,30,30
30389,3,30
28581,67,30
23802,21,30
4125,8,30
26428,3,30
10585,10,30
26572,5,30
25699,103,30
21073,28,30
24612,54,30
761,167,30
2151,33,30
18506,92,30
31922,159,30
31429,23,30
23519,25,30
6088,61,30
632,29,30
23400,58,30
12017,28,30
23349,15,30
21192,5,30
29282,48,30
30507,48,30
3211,1,30
8488,81,30
23312,35,30
26242,36,30
25528,37,30
31815,165,30
9472,236,30
18562,103,30
16133,13,30
1932,30,30
28878,129,30
23032,20,30
23760,34,30
21229,19,30
12722,55,30
8457,63,30
9964,41,30
3052,8,30
9648,28,30
8274,14,30
26100,13,30
24596,72,30
2008,22,30
859,20,30
26520,26,30
1304,85,30
4091,126,30
21443,40,30
20034,119,30
24457,31,30
26124,10,30
18847,13,30
4636,68,30
24301,11,30
18894,43,30
11441,36,30
1039,94,30
2628,5,30
30512,36,30
13401,1,31
25962,2,31
23011,34,31
28535,17,31
13304,107,31
16544,156,31
17994,90,31
16550,159,31
6358,6,31
30501,51,31
31828,98,31
26421,22,31
3791,52,31
8128,26,31
31862,76,31
3976,4,31
26933,20,31
8071,11,31
6009,93,31
10902,25,31
22081,10,31
16606,14,31
28585,35,31
8931,19,31
31737,82,31
29016,15,31
19797,14,31
20058,91,31
8153,64,31
994,103,31
13582,24,31
20837,20,31
24790,36,31
3993,1,31
31724,19,31
23390,56,31
31941,120,31
18172,61,31
17555,12,31
12495,114,31
27703,39,31
10170,67,31
29892,28,31
28736,71,31
20100,11,31
152,27,31
1277,72,31
19131,37,31
27261,18,31
31073,97,31
15545,8,31
10231,3,31
2113,72,31
3082,83,31
6164,23,31
30933,90,31
27997,118,31
13424,41,31
1240,7,31
26959,50,31
30550,18,31
21551,9,31
9712,9,31
8778,31,31
21714,36,31
8459,30,31
32375,108,31
1048,18,31
498,42,31
17721,53,31
32342,86,31
30849,10,31
30232,26,31
12677,87,31
3463,112,31
22170,38,31
26920,17,31
20294,73,31
17065,61,31
9620,18,31
6757,7,31
2085,8,31
12082,70,31
8063,11,31
65,98,31
30860,34,31
25575,45,31
3411,20,31
18959,39,31
19602,29,31
24140,7,31
8748,45,31
25191,236,31
25168,121,31
9100,6,31
31961,95,31
31934,26,31
31785,53,31
420,15,31
3760,14,31
14100,43,31
9232,19,31
27412,11,31
6686,32,31
8082,125,31
28069,79,31
13415,128,31
21220,153,32
6743,91,32
17774,7,32
27156,72,32
14513,38,32
23521,61,32
2399,47,32
8620,42,32
6605,38,32
15051,9,32
12146,95,32
9590,106,32
10361,80,32
3388,181,32
7167,270,32
14543,1,32
7729,1,32
14073,3,32
26456,86,32
24632,30,32
9105,94,32
28783,2,32
32017,79,32
1588,27,32
16901,13,32
31835,38,32
128,48,32
18076,26,32
2119,12,32
32229,119,32
17750,51,32
14712,19,32
9316,88,32
31005,33,32
10583,79,32
22389,90,32
9371,22,32
156,41,32
17882,73,32
19384,19,32
1444,206,32
26790,106,32
24026,14,32
26843,10,32
29808,8,32
13765,10,32
5069,6,32
29837,99,32
1647,140,32
21194,8,32
31472,10,32
16545,41,32
30097,34,32
18104,73,32
4017,75,32
7242,95,32
19108,20,32
6313,23,32
7471,25,32
8475,43,32
14241,23,32
14474,2,32
11520,55,32
5439,77,32
23781,43,32
32280,38,32
30210,10,32
3995,37,32
7846,9,32
12595,14,32
14538,33,32
25532,7,32
13001,24,32
13028,42,32
15234,85,32
30884,74,32
13526,18,32
11413,54,32
27849,122,32
23726,128,32
10283,23,32
14616,43,32
31994,38,32
25781,35,32
25345,109,32
18315,2,32
24676,9,32
24468,36,32
1897,6,32
12391,34,32
13039,6,32
17688,10,32
31485,35,32
13629,3,32
10731,30,32
2462,61,32
26811,7,32
19313,52,32
25197,44,33
14106,7,33
20080,14,33
16675,5,33
18457,6,33
4220,13,33
2677,12,33
15237,80,33
27101,27,33
2259,24,33
5239,26,33
8074,15,33
25921,11,33
16477,18,33
14691,81,33
6400,20,33
26927,1,33
16945,143,33
3482,10,33
12007,25,33
11860,5,33
10436,27,33
32122,63,33
30603,19,33
20586,14,33
29827,16,33
30351,44,33
31267,18,33
9138,87,33
31864,55,33
7016,18,33
27102,53,33
14737,55,33
20218,55,33
14684,23,33
9500,14,33
28530,23,33
6819,100,33
31842,67,33
18226,4,33
29844,199,33
11117,387,33
4484,194,33
20317,5,33
15369,48,33
25126,5,33
27797,148,33
25274,31,33
9458,26,33
12765,49,33
6222,37,33
15012,1,33
13336,57,33
9001,24,33
28741,24,33
3494,10,33
15310,23,33
27907,18,33
5012,66,33
18975,10,33
8438,11,33
31940,32,33
20115,28,33
26675,1,33
22827,24,33
32221,49,33
10962,22,33
32373,60,33
30756,25,33
2409,34,33
19948,65,33
7160,22,33
16754,13,33
32007,81,33
23200,4,33
270,39,33
7771,106,33
31845,61,33
21887,126,33
13587,73,33
32091,73,33
7708,15,33
16743,64,33
32416,53,33
24177,47,33
754,26,33
23733,4,33
8640,88,33
17442,34,33
5854,38,33
22488,29,33
10155,5,33
1026,119,33
2323,14,33
31881,89,33
6713,34,33
13689,15,33
13326,1,33
18225,58,34
12319,10,34
1658,38,34
7725,21,34
8176,148,34
10793,13,34
32015,144,34
32104,214,34
21364,130,34
9643,29,34
1219,45,34
11666,89,34
22020,43,34
5674,22,34
27687,24,34
29362,17,34
30593,132,34
32440,25,34
10352,20,34
20950,104,34
9079,16,34
22087,1,34
29557,32,34
1839,8,34
4599,13,34
28441,143,34
5456,100,34
576,29,34
29073,46,34
30430,25,34
8981,24,34
13922,100,34
4347,70,34
8668,157,34
6373,15,34
10208,16,34
29772,293,34
18111,18,34
20651,15,34
18384,135,34
22614,18,34
27858,14,34
3558,205,34
20884,7,34
30953,72,34
21325,115,34
9686,139,34
14217,12,34
9919,9,34
32365,68,34
29817,28,34
8426,82,34
25882,40,34
8079,3,34
25149,14,34
13784,24,34
17103,142,34
25864,287,34
20057,151,34
18091,20,34
4295,131,34
5205,33,34
29917,25,34
17679,22,34
18293,53,34
16842,8,34
20439,19,34
18176,36,34
29374,7,34
19790,42,34
1146,145,34
13330,38,34
15552,20,34
30039,55,34
16617,172,34
12426,29,34
24604,31,34
21883,46,34
1509,25,34
31512,16,34
31955,61,34
30137,61,34
32369,114,34
23174,76,34
13999,80,35
20944,79,35
889,4,35
16337,189,35
2470,117,35
17111,56,35
27319,39,35
30817,26,35
11412,1,35
1179,10,35
31551,110,35
518,26,35
3498,47,35
14882,23,35
5520,10,35
5820,1,35
22809,14,35
12038,13,35
32068,78,35
7532,6,35
23786,78,35
10131,25,35
27161,27,35
29687,61,35
23537,147,35
7864,34,35
23388,15,35
26296,70,35
28043,31,35
11968,116,35
26062,15,35
19854,114,35
14969,94,35
4036,113,35
6468,14,35
12413,12,35
5075,21,35
24856,23,35
9478,26,35
10012,8,35
24251,8,35
11266,99,35
29966,26,35
7265,171,35
10289,49,35
5929,6,35
25273,73,35
1511,28,35
9230,128,35
24230,14,35
32154,171,35
10750,105,35
9292,31,35
23639,20,35
15464,16,35
14425,1,35
27602,12,35
28761,18,35
30737,8,35
24017,31,35
32306,15,35
646,42,35
6254,70,35
28871,67,35
21856,18,35
22701,322,35
21336,7,36
30386,18,36
30819,21,36
32262,23,36
4213,23,36
29741,44,36
22449,16,36
23594,23,36
20385,28,36
32167,45,36
14215,48,36
9523,32,36
9238,111,36
5079,40,36
25576,43,36
10698,12,36
28759,27,36
31363,99,36
10399,62,36
25206,13,36
7603,223,36
885,26,36
31191,145,36
11270,29,36
32024,109,36
14089,117,36
19006,46,36
23456,16,36
21851,1,36
29256,111,36
28586,6,36
14086,61,36
24591,52,36
9596,188,36
21585,193,36
621,6,36
31878,52,36
3821,34,36
27873,25,36
1672,40,36
28459,67,36
12868,8,36
18425,1,36
31001,18,36
9619,47,36
30453,92,36
14061,116,36
31900,76,36
23566,69,36
13598,41,36
28273,22,36
31999,84,36
18191,21,36
21081,77,36
32062,47,36
10542,67,36
10663,107,36
25631,46,36
21197,10,36
29654,20,36
29197,31,36
12788,12,36
24261,34,36
13137,31,36
8985,34,36
11820,38,36
30447,35,36
22618,42,36
32078,37,36
31950,79,36
9091,49,36
28255,32,36
26385,70,36
7199,29,36
58,15,36
10572,1,36
5749,14,36
8479,43,37
24582,30,37
24189,6,37
12261,23,37
7195,123,37
32178,72,37
13406,1,37
17746,6,37
4013,63,37
2676,55,37
11847,113,37
24902,75,37
1149,20,37
16271,20,37
10100,42,37
24996,30,37
29697,17,37
26181,20,37
5445,40,37
30805,18,37
12501,6,37
6449,10,37
32344,110,37
10449,128,37
30841,3,37
5406,204,37
31386,10,37
12782,13,37
20495,49,37
32275,101,37
6102,1,37
2957,27,37
28077,9,37
11680,8,37
12147,157,37
26866,37,37
26496,44,37
21541,1,37
31392,36,37
3986,134,37
3133,102,37
19813,128,37
21683,5,37
31599,25,37
10996,27,37
16999,24,37
17711,89,37
24599,186,37
28327,3,37
26258,112,37
13772,18,37
21238,7,37
6598,66,37
18087,35,37
28540,15,37
16439,19,37
10442,78,37
4707,118,37
4794,53,37
31183,24,37
11224,26,37
9627,78,37
27722,26,37
19639,99,37
30834,29,37
23659,13,37
9089,62,37
32108,79,38
30166,17,38
31612,20,38
31877,44,38
32272,47,38
15599,37,38
14731,20,38
9062,94,38
29299,93,38
178,4,38
4771,57,38
3026,40,38
25366,37,38
24068,53,38
11533,71,38
11169,20,38
25404,71,38
18341,14,38
27279,50,38
12627,10,38
30407,139,38
6043,188,38
12412,65,38
17400,13,38
8911,17,38
30529,53,38
13260,24,38
27538,9,38
18083,48,38
17161,33,38
5663,63,38
17425,20,38
19284,30,38
759,37,38
6866,159,38
11983,17,38
8330,10,38
30607,19,38
1054,29,38
12364,41,38
6315,20,38
4137,55,38
10891,21,38
14179,7,38
18779,7,38
385,18,38
32071,90,38
27392,70,38
27634,26,38
8500,100,38
8902,48,38
422,6,39
24885,16,39
18002,14,39
14721,13,39
2555,38,39
27303,20,39
8691,102,39
27694,7,39
12238,14,39
6276,12,39
1533,14,39
17078,61,39
1288,40,39
30226,113,39
20772,29,39
32136,37,39
15813,16,39
20150,3,39
19967,40,39
20038,111,39
7154,92,39
6397,55,39
1891,54,39
30401,75,39
890,142,39
19760,10,39
2802,15,39
32397,80,39
29441,10,39
23952,52,39
25998,22,39
22463,14,39
28652,26,39
9499,52,39
11697,9,39
9454,27,39
30620,6,39
32107,65,39
17539,12,39
19528,33,39
1721,12,39
22231,50,39
29166,148,39
1868,11,39
32116,131,39
27893,57,39
19858,13,39
13595,10,39
32352,132,39
11537,14,39
2424,14,39
22235,57,39
7552,54,39
26022,27,39
4323,34,39
6792,63,39
4449,69,39
11308,37,39
19163,106,39
9081,20,39
13803,2,40
27330,16,40
27312,76,40
20125,159,40
32067,57,40
21640,20,40
23716,98,40
32256,76,40
19048,143,40
19812,28,40
8252,7,40
20685,65,40
31710,33,40
5756,25,40
21309,261,40
8394,71,40
2671,177,40
10014,115,40
17438,3,40
13417,30,40
31134,23,40
6189,14,40
10849,34,40
30313,14,40
30479,12,40
20250,16,40
21590,21,40
24572,144,40
27170,30,40
20289,25,40
24464,67,40
4961,67,40
15014,101,40
2741,13,40
31052,57,40
31841,31,40
21897,15,40
22510,69,40
32165,57,40
31818,45,40
14174,108,40
23661,20,40
3927,2,40
32268,66,40
5669,11,40
10259,43,40
20987,40,40
5052,16,40
31833,67,41
13872,30,41
1183,9,41
23253,57,41
12932,98,41
11463,18,41
1298,59,41
31141,49,41
6736,61,41
3358,46,41
15622,17,41
12558,9,41
26616,110,41
13458,8,41
26888,48,41
28503,25,41
25491,60,41
17540,14,41
9796,29,41
24918,136,41
13594,1,41
24188,20,41
13536,6,41
23207,16,41
11246,80,41
21813,95,41
16812,122,41
22068,45,41
1344,47,41
7394,3,41
32011,49,41
9629,11,41
5132,48,41
25178,55,41
23239,39,41
9758,5,41
1718,28,41
16774,51,41
23953,25,41
5880,26,41
425,19,41
16452,17,41
29670,197,41
23191,1,41
19914,7,41
17180,33,41
18472,12,41
5158,41,41
3690,3,42
4332,144,42
10138,34,42
11265,8,42
28138,37,42
3444,19,42
191,22,42
4987,90,42
26856,13,42
3618,85,42
26120,70,42
16304,149,42
19220,58,42
22448,105,42
23153,100,42
11186,32,42
29685,12,42
21499,17,42
29896,43,42
24783,26,42
13273,160,42
15231,105,42
4816,69,42
22022,9,42
17830,100,42
20885,158,42
31802,114,42
24311,52,42
31514,9,42
10330,27,42
22966,93,42
7069,13,42
23302,15,42
13500,5,42
1948,5,42
10809,16,42
20030,68,43
14055,17,43
5715,27,43
5600,2,43
9952,31,43
7233,16,43
29452,63,43
6747,14,43
19578,5,43
25364,18,43
12383,26,43
15354,72,43
16608,47,43
7826,8,43
9697,132,43
8606,10,43
15774,15,43
21912,38,43
10560,45,43
10774,32,43
7226,29,43
30107,1,43
20653,24,43
32034,80,43
10951,13,43
5416,38,43
32314,22,43
14743,24,43
3307,56,43
17946,22,43
1625,78,43
14058,89,43
24414,11,43
25144,78,43
5831,95,43
9713,1,43
27001,88,43
8154,14,43
32130,94,43
17087,190,43
833,15,44
25584,8,44
4638,69,44
5324,6,44
4294,24,44
32289,66,44
31098,27,44
15360,34,44
17864,18,44
5763,54,44
29723,34,44
9963,45,44
13852,43,44
17507,43,44
25503,66,44
19329,77,44
6680,110,44
15233,2,44
30677,86,44
2168,29,44
12617,28,44
14896,157,44
14218,9,44
16710,71,44
23375,15,44
24794,1,44
13434,40,44
31482,5,44
5618,1,44
9134,25,44
23633,12,44
16571,13,45
17666,117,45
7982,66,45
127,19,45
7703,18,45
5231,1,45
13777,43,45
2145,2,45
15747,61,45
32401,50,45
32347,40,45
9705,30,45
31945,45,45
19144,54,45
32126,85,45
32294,45,45
15368,42,45
21876,39,45
23534,12,45
9819,91,45
22897,23,45
31902,61,45
3109,15,45
14190,52,45
25317,45,45
28212,13,45
10450,49,45
17369,22,45
16840,19,45
15897,35,45
2383,17,45
2353,8,45
22200,67,45
6451,49,46
8062,16,46
14045,14,46
19522,8,46
26692,39,46
12999,17,46
31948,120,46
1091,26,46
6797,57,46
5952,77,46
19652,37,46
25077,26,46
21287,17,46
10482,25,46
28716,61,46
6553,70,46
16112,195,46
32074,64,46
13361,3,46
2659,12,46
13995,17,46
15968,44,46
31196,43,46
9583,69,46
836,24,46
16511,39,46
11855,47,46
6224,75,46
3350,8,46
17171,43,46
12360,36,47
22610,29,47
30814,16,47
11394,14,47
30114,12,47
10221,29,47
18112,83,47
8799,26,47
27614,20,47
9254,23,47
2907,8,47
13604,21,47
14682,14,47
389,13,47
3771,32,47
1063,213,47
16873,50,47
3616,46,47
9559,64,47
16731,1,47
20220,55,47
16700,47,47
32384,43,47
29729,32,47
31831,41,47
13623,17,47
21320,56,47
32307,261,47
15976,93,47
17606,53,47
14098,12,47
18082,115,47
11189,19,47
29054,88,47
32041,79,47
8431,21,47
1715,90,47
32159,131,47
4324,19,47
10694,26,47
5360,106,47
32383,228,47
26025,91,47
4881,3,47
1832,50,47
31983,55,47
26034,25,47
8432,14,47
29677,14,47
30893,113,48
18180,27,48
27214,17,48
21286,105,48
30561,179,48
17506,95,48
14390,39,48
17037,20,48
10171,62,48
29940,108,48
16551,159,48
11129,192,48
30911,26,48
15592,67,48
25031,2,48
478,112,48
3551,2,48
21540,23,48
16680,3,48
23761,47,48
4269,32,48
9577,40,48
30215,32,48
10528,8,48
13017,33,48
520,70,48
22789,46,48
13309,96,48
2388,23,48
2622,2,48
15280,1,48
25976,52,48
13082,6,49
31912,144,49
32032,69,49
1420,60,49
29882,90,49
15430,19,49
18092,74,49
8852,96,49
12825,3,49
3383,10,49
32322,137,49
20157,38,49
28120,16,49
8287,12,49
27740,21,49
23690,47,49
30214,17,49
17110,25,49
29018,100,49
7712,8,49
20450,55,49
933,144,49
6260,10,49
19972,51,49
28867,73,49
20154,128,49
5587,38,49
30322,42,49
21514,47,49
2394,66,49
2222,42,49
30815,3,49
27620,25,50
29209,223,50
9773,34,50
10235,43,50
9694,89,50
9634,16,50
13303,40,50
17544,36,50
29375,52,50
32274,118,50
22613,3,50
27384,49,50
7072,32,50
17114,20,50
1332,15,50
4233,12,50
19994,27,50
14163,154,50
1662,115,50
14294,55,50
10351,26,50
29511,122,50
4212,1,50
15845,12,50
25442,89,50
8944,27,51
3454,2,51
20941,49,51
13420,66,51
26363,69,51
8706,53,51
10152,133,51
29470,58,51
31844,68,51
25717,84,51
31964,45,51
19888,49,51
26362,64,51
32198,43,52
4927,82,52
32328,113,52
22044,18,52
20913,62,52
15891,36,52
27339,10,52
32237,62,52
6393,5,52
29612,21,52
9425,110,52
31852,155,52
12623,32,52
20661,38,52
27217,15,52
32334,71,52
17327,21,52
31872,110,53
16927,38,53
28047,5,53
31756,11,53
3056,284,53
29445,104,53
5094,66,53
22764,9,53
5531,187,53
16380,110,53
32142,178,53
13781,45,53
19673,70,53
30388,21,53
19150,84,53
26925,12,53
32025,70,53
17613,202,53
3605,182,54
22622,68,54
2669,5,54
31211,36,54
16699,119,54
22644,108,54
8651,5,54
6563,3,54
985,36,54
25772,19,54
27800,127,54
4495,1,54
3105,30,54
3000,28,54
28879,100,54
3126,14,54
20056,34,54
24326,107,55
31420,30,55
21615,97,55
2448,14,55
31896,128,55
13468,14,55
5568,22,55
4390,8,55
16396,10,55
13576,76,55
13716,25,55
21098,280,55
31411,70,55
21710,66,56
22255,95,56
11713,77,56
17508,34,56
13612,7,56
7391,18,56
24941,36,56
20618,113,56
16071,69,56
2311,8,56
14696,36,56
23783,48,56
21703,103,56
21041,24,56
29842,7,56
14442,212,56
31837,89,56
2013,7,56
12109,48,56
21530,3,56
32030,49,56
8386,26,56
21293,91,56
31629,90,56
30111,29,57
31847,197,57
31834,49,57
3635,38,57
32420,136,57
29730,32,57
20769,16,57
21124,319,57
12313,35,57
10166,44,57
21118,66,57
9821,122,57
21448,148,57
9429,45,57
32220,26,58
1172,95,58
13743,32,58
8880,88,58
28280,37,58
7015,3,58
15502,28,58
32222,41,58
15956,52,59
27651,50,59
2453,16,59
18206,9,59
32016,171,59
30518,11,59
20207,15,59
15760,5,59
11980,14,60
27504,55,60
32052,116,60
7244,53,60
27009,28,60
28277,7,60
645,8,60
15944,31,60
16894,37,60
4758,149,60
28335,27,60
3439,10,61
13937,154,61
23004,42,61
16427,86,61
19934,58,61
12159,144,61
27935,61,61
6343,44,61
4118,94,61
29833,109,61
12961,19,61
16385,223,61
27415,119,61
19477,13,61
18266,165,61
11305,32,61
2369,78,62
24431,86,62
30268,34,62
27439,203,62
24425,52,62
25885,42,62
17274,71,62
18896,56,62
27270,80,63
29297,1,63
22176,132,63
9115,13,63
20959,47,63
579,46,63
910,25,63
25299,25,63
11999,3,63
25338,1,63
2610,13,63
26531,15,63
21150,25,64
15344,73,64
17182,25,64
22828,69,64
32197,53,64
30795,14,64
2825,21,64
12176,27,65
11365,48,65
25039,111,65
2400,50,65
13876,33,65
8375,55,65
18047,88,65
28249,1,65
9970,15,65
26535,10,66
4530,154,66
18453,20,66
30539,12,66
8628,161,66
1531,11,66
6678,44,67
10724,155,67
8974,55,67
11194,30,67
3447,11,67
2307,74,67
3055,55,67
8257,20,67
32213,114,67
18985,29,67
18043,11,67
7339,93,67
18205,75,67
5739,64,67
32172,138,68
13169,48,68
5913,129,68
21260,64,68
32366,125,68
8578,13,68
790,6,68
10239,43,69
26096,56,69
1553,113,69
12479,35,69
32413,55,69
1037,89,70
12491,22,70
19407,42,70
19591,34,70
8774,18,70
30417,16,70
14630,126,70
6944,78,70
31578,62,71
32020,50,71
17647,58,71
24521,114,71
31823,84,71
12220,50,72
3761,90,72
25373,24,72
7694,21,72
28874,68,72
32254,51,72
31899,86,73
18295,38,73
3216,59,73
25963,51,73
28970,76,73
24426,59,73
31910,62,73
31882,47,74
20713,15,74
29831,28,74
3956,94,75
28378,47,75
29650,14,75
31906,51,76
24128,91,76
32255,143,76
15228,58,76
32284,142,76
4844,20,77
2117,73,77
3808,145,77
25898,33,77
15137,1,78
27778,9,78
3277,35,79
2375,27,80
28740,9,80
32336,146,80
12074,23,80
12640,28,82
1056,78,83
23205,74,84
2725,73,84
9309,93,85
2356,57,85
31422,47,85
11190,315,87
2096,1,87
23841,6,88
29841,18,89
31859,32,89
17372,65,89
3764,68,90
5444,103,90
650,68,90
1901,23,90
5193,82,91
25799,281,91
13391,28,91
17397,56,92
3950,5,92
16567,56,93
17041,28,93
17285,34,93
25306,109,94
12478,22,95
8658,14,95
23265,61,96
11634,132,97
13095,33,98
3897,142,100
10890,2,102
2015,112,102
32265,69,102
32164,137,106
31119,79,106
13788,1,107
4807,6,109
32166,167,110
29033,28,117
31631,96,121
21468,52,127
8138,132,132
17816,97,136
21837,7,137
8562,1,175
